y <- c(3, 4)
